# Waketime [ns]	 	DipolX [V/pC/mm]	  	DipolY [V/pC/mm]	 	QuadX [V/pC/mm]	 	QuadY [V/pC/mm]
0.00000000000000	0.00000000000000	0.00000000000000	0.00000000000000	0.00000000000000
0.01000000000000	25.23601841595124	25.18522731108009	-16.30439950221591	9.25391163643139
0.02000000000000	21.24263649537577	18.77975808228780	-13.26002242455176	6.44791280285512
0.03000000000000	20.38612867329823	17.99666806015516	-12.97320655203070	6.06983369622164
0.04000000000000	19.74515437479007	17.90375449625478	-13.00159282455614	6.04461695439447
0.05000000000000	19.17082979964105	18.05643682149164	-13.16372808966588	6.15525299677229
0.06000000000000	18.58306213556864	18.27085745899016	-13.33388403959663	6.32234928068837
0.07000000000000	17.92049508101227	18.36699567725176	-13.39087482812996	6.43357523942504
0.08000000000000	17.36406818345584	18.44795145401755	-13.42020838207726	6.54157201611853
0.09000000000000	16.78897085146018	18.43320146860403	-13.33471071671189	6.57912134318295
0.10000000000000	16.30379765253525	18.37085093575585	-13.19677875397471	6.58262796933954
0.11000000000000	15.88725188649475	18.24736883186387	-12.99107377378809	6.53908916764641
0.12000000000000	15.44407094336986	18.00554756948529	-12.68096472421814	6.42577201853705
0.13000000000000	15.04892587270688	17.72103639244510	-12.33730862159265	6.28900303717504
0.14000000000000	14.59709195971701	17.34302915694290	-11.92370228292557	6.11391796757596
0.15000000000000	14.12466471018673	16.91487503395924	-11.48249470647834	5.93031907132142
0.16000000000000	13.59879624520071	16.42295363821603	-11.01135615708605	5.73304785943701
0.17000000000000	13.01134690246216	15.86992499283093	-10.51753273796580	5.54378364973993
0.18000000000000	12.38767794181607	15.28786653205435	-10.02144424243547	5.36044588100425
0.19000000000000	11.72667742245472	14.67327422034886	-9.52294254497213	5.19271844911250
0.20000000000000	11.04431971056924	14.03789202467213	-9.03113548409414	5.03968668389363
0.21000000000000	10.35305138788499	13.40631241414423	-8.54926496136397	4.90145109910619
0.22000000000000	9.68202477939135	12.77128279973308	-8.08713717317106	4.78289443283834
0.23000000000000	9.01966397780211	12.15152234822422	-7.63954270332331	4.67522643654477
0.24000000000000	8.37967035485086	11.54922835821992	-7.21206522427550	4.58129556775639
0.25000000000000	7.77726472015337	10.97602565598676	-6.81251246098694	4.50128278231519
0.26000000000000	7.18713148249066	10.42078855731366	-6.42763784157809	4.42932215831512
0.27000000000000	6.64478058129679	9.89883182945668	-6.07638890794319	4.36802347906204
0.28000000000000	6.11965859609172	9.39988936873421	-5.74560955878729	4.31468139319298
0.29000000000000	5.61825981981641	8.92177151719648	-5.43626085916069	4.26776022443978
0.30000000000000	5.15784995796385	8.47344939954476	-5.15648559859790	4.22609927030758
0.31000000000000	4.71198175275298	8.03791659437031	-4.89253844380227	4.18892986953583
0.32000000000000	4.30728221056563	7.62702437259101	-4.65491101985607	4.15343232907551
0.33000000000000	3.93155180102537	7.23501130453243	-4.43691359704655	4.12005735565206
0.34000000000000	3.57709514932880	6.85121067939375	-4.23240175314376	4.08517323201265
0.35000000000000	3.26593292344545	6.49380463222700	-4.05180334490680	4.04771327507428
0.36000000000000	2.97034400259598	6.14236186110120	-3.88029227544782	4.00683324902658
0.37000000000000	2.70481340424176	5.81045547400167	-3.72466819158531	3.96129180173993
0.38000000000000	2.46060007957431	5.49219039259843	-3.57934243328678	3.90921374722350
0.39000000000000	2.23025643556668	5.18569107099340	-3.44031332651809	3.85263569243822
0.40000000000000	2.02935960052338	4.90344490657310	-3.31416710161177	3.78815736190626
0.41000000000000	1.84206996476122	4.63464188743820	-3.19233196062176	3.71932896230754
0.42000000000000	1.67538324467828	4.38420504262585	-3.07761740583248	3.64539960852149
0.43000000000000	1.52913320277185	4.15069205410956	-2.96901501529607	3.56567461230232
0.44000000000000	1.39787957433697	3.93071818234003	-2.86500145612123	3.48354424544758
0.45000000000000	1.28872923351327	3.73012298098369	-2.76956558410964	3.39772838447303
0.46000000000000	1.19188597031427	3.54214553700378	-2.67976820203024	3.31076545290303
0.47000000000000	1.10676730282275	3.36881563129841	-2.59772090051222	3.22397914488220
0.48000000000000	1.03288597277631	3.21196818654546	-2.52481313126498	3.13750034382713
0.49000000000000	0.96230728370184	3.06883413798287	-2.46072970638050	3.05469489491181
0.50000000000000	0.89545551626994	2.94077661545248	-2.40694949738989	2.97489092375416
0.51000000000000	0.82790237257432	2.82608536239615	-2.36330211229159	2.89971548751631
0.52000000000000	0.75810390260186	2.72377091908385	-2.32988676167578	2.83039275951440
0.53000000000000	0.68800468436747	2.63473696539649	-2.30708472114519	2.76564407902955
0.54000000000000	0.61284615910026	2.55165554434494	-2.29148709720815	2.70473838290811
0.55000000000000	0.53669429447899	2.47653860819575	-2.28340295696611	2.64698951404282
0.56000000000000	0.45916875239064	2.40430641013232	-2.27993693658953	2.59022605145827
0.57000000000000	0.38035591450650	2.33131898948892	-2.27847842410362	2.53314671467485
0.58000000000000	0.30441905275393	2.25931032905787	-2.27917875333680	2.47489283154953
0.59000000000000	0.23065909543516	2.18332732883787	-2.27845961633785	2.41426867695568
0.60000000000000	0.16149254663623	2.10273774563162	-2.27477105711802	2.34996102525478
0.61000000000000	0.09773469790814	2.01686882687866	-2.26647272606895	2.28123332722045
0.62000000000000	0.04059394272669	1.92478978113531	-2.25192496491905	2.20790510251056
0.63000000000000	-0.00756628864859	1.83006806098315	-2.23164459316364	2.13053461928710
0.64000000000000	-0.04568371360096	1.73214797790216	-2.20430081938068	2.04925435303169
0.65000000000000	-0.07276104007296	1.63289122031015	-2.16990006853962	1.96464027431455
0.66000000000000	-0.08817186174981	1.53473447548759	-2.12914203425093	1.87775604796512
0.67000000000000	-0.09236833277288	1.43656200638392	-2.08105919417714	1.78840976879283
0.68000000000000	-0.08521009484442	1.34099342033353	-2.02691550894074	1.69782334164529
0.69000000000000	-0.06781804995373	1.24900342316116	-1.96704999180257	1.60661969526644
0.70000000000000	-0.04223754579034	1.15988242810100	-1.90131127307394	1.51432612474466
0.71000000000000	-0.00944160566208	1.07782015240107	-1.83164238178905	1.42299095590658
0.72000000000000	0.03001754065729	1.00233085178773	-1.75805738434705	1.33155820346565
0.73000000000000	0.07424992407303	0.93580967246965	-1.68180942775584	1.24091921517204
0.74000000000000	0.12169411567910	0.87891027249099	-1.60380629153157	1.15135645585386
0.75000000000000	0.17137669635794	0.83031184871033	-1.52420696910155	1.06201198245030
0.76000000000000	0.22186942332406	0.79225433706367	-1.44577707385709	0.97637952252282
0.77000000000000	0.27299341355038	0.76262734188715	-1.36864941345440	0.89340754719950
0.78000000000000	0.32367458489213	0.74118987913506	-1.29450861304133	0.81496457243833
0.79000000000000	0.37391638047882	0.72855325719535	-1.22490840858989	0.74281377787196
0.80000000000000	0.42485967651467	0.72290448831809	-1.15989020691150	0.67553738226143
0.81000000000000	0.47583868581886	0.72548666560969	-1.10104436019875	0.61523641486195
0.82000000000000	0.52807517259035	0.73490132336587	-1.04791975525764	0.55956776433420
0.83000000000000	0.58179016852727	0.75039119743139	-1.00037665495832	0.50760619429580
0.84000000000000	0.63641456036550	0.77124443587663	-0.95849518501877	0.45970947523359
0.85000000000000	0.69207638581126	0.79553685592117	-0.92102073019726	0.41273966609658
0.86000000000000	0.74788041664134	0.82450048417334	-0.88834340184593	0.36827686987304
0.87000000000000	0.80342835320666	0.85840871604013	-0.85995577734566	0.32540158637987
0.88000000000000	0.85737719966862	0.89730931338418	-0.83505951690607	0.28345214557312
0.89000000000000	0.90832729477754	0.94403417302710	-0.81417515616785	0.24503496124714
0.90000000000000	0.95618309645107	0.99852465863097	-0.79625153990268	0.20816958926287
0.91000000000000	0.99985612545545	1.06169670543131	-0.78147540068112	0.17474830839543
0.92000000000000	1.03889204818573	1.13268091541359	-0.76948243790383	0.14504727550753
0.93000000000000	1.07392762021598	1.21024321169611	-0.75969467150805	0.11882553707555
0.94000000000000	1.10426301194441	1.29324836518682	-0.75278765825339	0.09876909971837
0.95000000000000	1.13092570236325	1.37894968190971	-0.74776616856525	0.08351473302806
0.96000000000000	1.15373458740723	1.46558573209670	-0.74465489376319	0.07400259048582
0.97000000000000	1.17345595906059	1.55170538715341	-0.74366877826643	0.07067809542225
0.98000000000000	1.19071983493283	1.63421312345969	-0.74380663753559	0.07162740209507
0.99000000000000	1.20583794621961	1.71157280524196	-0.74523669579654	0.07718676755624
1.00000000000000	1.21895195126055	1.78063121973606	-0.74648651349174	0.08450400687624
1.01000000000000	1.23090733787466	1.84082280870709	-0.74726243981624	0.09243845786315
1.02000000000000	1.24109936177933	1.89003503769031	-0.74707096107897	0.10019982218446
1.03000000000000	1.24990664555065	1.92909242701783	-0.74491537874191	0.10555413694029
1.04000000000000	1.25601621848677	1.95731806725532	-0.74038735612913	0.10858306991326
1.05000000000000	1.25960631519665	1.97560098394734	-0.73292159764320	0.10876560977911
1.06000000000000	1.26095883636410	1.98470292594964	-0.72260993004585	0.10682197866277
1.07000000000000	1.26006442834797	1.98478397318303	-0.70993851152650	0.10508517090476
1.08000000000000	1.25783265003734	1.97643570771088	-0.69471041012894	0.10397176191724
1.09000000000000	1.25531102966002	1.95959802289847	-0.67777939453016	0.10582333172064
1.10000000000000	1.25296679456798	1.93385736694527	-0.65903611265884	0.11125785554688
1.11000000000000	1.25187702012728	1.89966801071936	-0.63838151767790	0.11992465390395
1.12000000000000	1.25195234964079	1.85668440711033	-0.61586836863054	0.13194109289044
1.13000000000000	1.25439027898700	1.80584602353131	-0.59124032679350	0.14527826723726
1.14000000000000	1.25932638928338	1.74737541600532	-0.56443178129176	0.15852635139151
1.15000000000000	1.26704032642431	1.68181326589324	-0.53578396381144	0.17023780828282
1.16000000000000	1.27771342691938	1.61012887174545	-0.50556165007501	0.17864878635216
1.17000000000000	1.29160624999704	1.53307414602960	-0.47541196627054	0.18380093482978
1.18000000000000	1.30852845450243	1.45099841731950	-0.44665982001428	0.18534314635773
1.19000000000000	1.32827024931092	1.36482855563042	-0.42128122990711	0.18399181570967
1.20000000000000	1.35016045848394	1.27429331018143	-0.40168154692918	0.18103458583830
1.21000000000000	1.37393043176922	1.18150885199792	-0.39013420404840	0.17789649407829
1.22000000000000	1.39833313159748	1.08623230388024	-0.38878461467152	0.17609511293522
1.23000000000000	1.42252209900492	0.99063313882311	-0.39914497225761	0.17682800633111
1.24000000000000	1.44487431987259	0.89516815977898	-0.42225049316293	0.18127667479191
1.25000000000000	1.46468310200926	0.80173194196273	-0.45863954116114	0.19018729362907
1.26000000000000	1.48075234064787	0.71140974949041	-0.50807491218323	0.20442051566422
1.27000000000000	1.49234412239058	0.62514075486516	-0.56971144660614	0.22441306100220
1.28000000000000	1.49875899747149	0.54367105259927	-0.64233950090380	0.25064693117087
1.29000000000000	1.49949721433904	0.46729873869109	-0.72424536054783	0.28353539834931
1.30000000000000	1.49444532073236	0.39532321827485	-0.81302269892033	0.32234125110407
1.31000000000000	1.48421599431872	0.32911734167607	-0.90668189313290	0.36712177391734
1.32000000000000	1.46865996658337	0.26618226915189	-1.00268176269970	0.41662006293974
1.33000000000000	1.44924787635535	0.20743523269378	-1.09859836631649	0.46934010830124
1.34000000000000	1.42652939232405	0.15137248760472	-1.19219030005214	0.52391611898028
1.35000000000000	1.40202590608947	0.09860922850594	-1.28139316275256	0.57830422365557
1.36000000000000	1.37691932181770	0.04965506772203	-1.36460940451983	0.63126682826024
1.37000000000000	1.35194572185719	0.00580791763222	-1.44045770155653	0.68151099240241
1.38000000000000	1.32732491431565	-0.03198987214531	-1.50745693878700	0.72741935306959
1.39000000000000	1.30250858525299	-0.06284029226903	-1.56450966775125	0.76840187129092
1.40000000000000	1.27725560043683	-0.08513896549265	-1.61073741851930	0.80358496528613
1.41000000000000	1.25022787694534	-0.09920599896289	-1.64511740983578	0.83253553776194
1.42000000000000	1.22055617893553	-0.10462372074037	-1.66690777155591	0.85516365696168
1.43000000000000	1.18715591206345	-0.10298517744394	-1.67499464192585	0.87055865840679
1.44000000000000	1.14933009831135	-0.09397938996088	-1.66900781742527	0.87911203211622
1.45000000000000	1.10692643279307	-0.07860846483807	-1.64832750485456	0.88029454517176
1.46000000000000	1.06009550685174	-0.05763566941039	-1.61256029007522	0.87380989347703
1.47000000000000	1.00986119436382	-0.03057730786610	-1.56230977141203	0.86023241880463
1.48000000000000	0.95736642346146	0.00166535497233	-1.49806389235851	0.83961986966307
1.49000000000000	0.90443378715541	0.03960919258954	-1.42135362049103	0.81337999319470
1.50000000000000	0.85275629692940	0.08269700999042	-1.33393436722862	0.78264366226707
1.51000000000000	0.80422138926353	0.13063274047873	-1.23795124597960	0.74886508099850
1.52000000000000	0.76051894844479	0.18294710029805	-1.13618114410568	0.71397145647268
1.53000000000000	0.72301772735690	0.23879016179261	-1.03107244490726	0.67920841546427
1.54000000000000	0.69253532215870	0.29714667240623	-0.92543107017251	0.64612311961898
1.55000000000000	0.66965122196328	0.35685554151230	-0.82173582348301	0.61581582115647
1.56000000000000	0.65397795996881	0.41634786046745	-0.72243870353305	0.58899512498711
1.57000000000000	0.64530636810437	0.47446169692811	-0.62987248141831	0.56644084203038
1.58000000000000	0.64315340669400	0.52940576926001	-0.54574992089571	0.54804321007573
1.59000000000000	0.64685077674258	0.58003972344549	-0.47174092451101	0.53396048510240
1.60000000000000	0.65547872287312	0.62546518891011	-0.40918671537335	0.52430957433631
1.61000000000000	0.66863517680584	0.66510349560449	-0.35906675615064	0.51891170545486
1.62000000000000	0.68564096045725	0.69898876593507	-0.32214929793226	0.51811805327474
1.63000000000000	0.70581003921841	0.72770654177387	-0.29855576750452	0.52167558449279
1.64000000000000	0.72830679664779	0.75130397213364	-0.28790389867332	0.52901724614220
1.65000000000000	0.75155692547689	0.77066116173183	-0.28952933918436	0.53970173337228
1.66000000000000	0.77420594005607	0.78598173050175	-0.30199094563111	0.55249714391225
1.67000000000000	0.79468867065895	0.79779398297403	-0.32376062653246	0.56680701627575
1.68000000000000	0.81147598311299	0.80653333354763	-0.35305304586246	0.58189807061817
1.69000000000000	0.82331645758954	0.81265240731154	-0.38818670104062	0.59736298489549
1.70000000000000	0.82966401550600	0.81694841310938	-0.42737607579843	0.61294590368707
1.71000000000000	0.83038668372627	0.81968821423971	-0.46918413851151	0.62830770971404
1.72000000000000	0.82618446381760	0.82206839925515	-0.51234092792648	0.64320905934155
1.73000000000000	0.81771111501429	0.82357646218997	-0.55576149671098	0.65720565244026
1.74000000000000	0.80604933095143	0.82536206099977	-0.59887771338787	0.67007656445606
1.75000000000000	0.79169055930417	0.82743820894022	-0.64158274168584	0.68183571371250
1.76000000000000	0.77583533152090	0.83100292395594	-0.68402005963473	0.69251436751942
1.77000000000000	0.75905890095887	0.83724986368141	-0.72645270679942	0.70209611013105
1.78000000000000	0.74140893547311	0.84761712082200	-0.76922013695713	0.71043092427534
1.79000000000000	0.72319639710308	0.86411126392278	-0.81270516830882	0.71753393003899
1.80000000000000	0.70456192810316	0.88850765388555	-0.85682810590866	0.72295381055653
1.81000000000000	0.68525816390555	0.92172194771770	-0.90158156731155	0.72676321265970
1.82000000000000	0.66544857842908	0.96551228647972	-0.94664702261637	0.72903068955660
1.83000000000000	0.64505429091548	1.01924680270943	-0.99144046425993	0.73008560278795
1.84000000000000	0.62430539319503	1.08358101935783	-1.03515720727479	0.73037873875206
1.85000000000000	0.60352618857482	1.15691903544415	-1.07691644212483	0.73054623643813
1.86000000000000	0.58317156707108	1.23837146538382	-1.11570835628713	0.73122337657498
1.87000000000000	0.56339030489197	1.32584017487823	-1.15044736496411	0.73291035578244
1.88000000000000	0.54429176690331	1.41721978852062	-1.18007219196096	0.73591064196080
1.89000000000000	0.52565839100270	1.51043102525173	-1.20365941004475	0.74019267749534
1.90000000000000	0.50651527375555	1.60268331715043	-1.22035280650050	0.74531782108228
1.91000000000000	0.48629164650716	1.69194922466501	-1.22950346840875	0.75043885017109
1.92000000000000	0.46429885345982	1.77556731234900	-1.23078536793565	0.75456754274036
1.93000000000000	0.44066323342979	1.85230644093048	-1.22419144471215	0.75680212779902
1.94000000000000	0.41588026805115	1.92064037247121	-1.21006401011681	0.75634355991385
1.95000000000000	0.39151212911459	1.97982058487975	-1.18923868939606	0.75298206166542
1.96000000000000	0.36958094783047	2.02897501576703	-1.16279072869016	0.74692563314891
1.97000000000000	0.35263372247400	2.06739021393006	-1.13222081781940	0.73867752466429
1.98000000000000	0.34306941500836	2.09438195448997	-1.09886678346968	0.72889757931365
1.99000000000000	0.34284700867000	2.10929305098328	-1.06414859887519	0.71816980331752
2.00000000000000	0.35353212924934	2.11202112508300	-1.02926823201690	0.70693462728154
2.01000000000000	0.37551968739421	2.10232456557020	-0.99514104845836	0.69544855777473
2.02000000000000	0.40796203003535	2.08148995894854	-0.96258634290551	0.68387504110653
2.03000000000000	0.44933498604777	2.05016398687996	-0.93218305756853	0.67247563620586
2.04000000000000	0.49765321688862	2.00995640305368	-0.90423823677013	0.66130566760045
2.05000000000000	0.55009448783541	1.96205043104884	-0.87895831396741	0.65047323803575
2.06000000000000	0.60388093503923	1.90841644049196	-0.85626234759163	0.63986801527052
2.07000000000000	0.65671521895001	1.85091961863058	-0.83614614007206	0.62943792848849
2.08000000000000	0.70667772320963	1.79108469728651	-0.81818004813393	0.61871992138978
2.09000000000000	0.75257913655121	1.73040839914496	-0.80193257035445	0.60726626068611
2.10000000000000	0.79364801120531	1.67005712372646	-0.78736047252607	0.59497935191421
2.11000000000000	0.82920242365658	1.61058183849567	-0.77401101977323	0.58155277619252
2.12000000000000	0.85979278219214	1.55308509485220	-0.76188424287077	0.56726143192667
2.13000000000000	0.88518415185817	1.49700985279021	-0.75104558543657	0.55256091659429
2.14000000000000	0.90501729880778	1.44276304212296	-0.74178165382626	0.53829309036312
2.15000000000000	0.91894861658410	1.38953452764144	-0.73469727194540	0.52569740080212
2.16000000000000	0.92702411490897	1.33737133767602	-0.73003660433225	0.51554584399568
2.17000000000000	0.92936179966713	1.28596751466846	-0.72827162528509	0.50865287832806
2.18000000000000	0.92652904645369	1.23519727759596	-0.72958629090222	0.50533718754733
2.19000000000000	0.91980418368390	1.18501788230915	-0.73377530980649	0.50518756454397
2.20000000000000	0.91081566638490	1.13503091224607	-0.74063437235656	0.50760701693015
2.21000000000000	0.90156830200259	1.08529491751899	-0.74947174741568	0.51146703251156
2.22000000000000	0.89477625858078	1.03458907831284	-0.75957660346946	0.51586153622111
2.23000000000000	0.89230954607138	0.98326309130525	-0.77028866109809	0.52019650458087
2.24000000000000	0.89540544797253	0.93007765590042	-0.78076422211445	0.52406405568699
2.25000000000000	0.90506890929815	0.87580440870205	-0.79037489574901	0.52752701744831
2.26000000000000	0.92076132370082	0.82039887261958	-0.79835785507911	0.53063996782871
2.27000000000000	0.94148216886828	0.76445216623490	-0.80404683015553	0.53350813324570
2.28000000000000	0.96569277736588	0.70869975217399	-0.80680623091144	0.53606228338421
2.29000000000000	0.99177879634381	0.65447558606346	-0.80600526494414	0.53803965652331
2.30000000000000	1.01817303009483	0.60248354154072	-0.80140034385766	0.53926824811983
2.31000000000000	1.04428582128915	0.55451952859577	-0.79259938031081	0.53918807274920
2.32000000000000	1.06947920985569	0.51103815295905	-0.77951007450423	0.53733904277461
2.33000000000000	1.09336731954381	0.47390726985962	-0.76239062113862	0.53342534679023
2.34000000000000	1.11580871998744	0.44323922076787	-0.74154933056106	0.52725097344015
2.35000000000000	1.13681075970472	0.42063288628736	-0.71745806539473	0.51876378389250
2.36000000000000	1.15605810230760	0.40611341457466	-0.69084083763712	0.50826817629917
2.37000000000000	1.17341313307657	0.40076909777365	-0.66239683760707	0.49617628114907
2.38000000000000	1.18858429293035	0.40451282642746	-0.63285739733431	0.48291385624468
2.39000000000000	1.20150983234826	0.41736837820152	-0.60281442149469	0.46886812403306
2.40000000000000	1.21200640662159	0.43915987226909	-0.57289516860447	0.45444481040336
2.41000000000000	1.22077936878566	0.46983016865450	-0.54359122491260	0.43993849293252
2.42000000000000	1.22846517400128	0.50870193986428	-0.51522121156702	0.42548075776355
2.43000000000000	1.23608056616058	0.55531952211304	-0.48824692627866	0.41136348989126
2.44000000000000	1.24477528480649	0.60852775106238	-0.46310594133241	0.39789380001682
2.45000000000000	1.25544678901071	0.66701434049846	-0.44039106659484	0.38556676033434
2.46000000000000	1.26975670619093	0.72964923424957	-0.42070091933475	0.37501071901378
2.47000000000000	1.28874351144967	0.79496201494635	-0.40486144951947	0.36703433145383
2.48000000000000	1.31326236760716	0.86191190044999	-0.39390482057807	0.36268635754729
2.49000000000000	1.34352739817749	0.92901118595068	-0.38893318896666	0.36291008063886
2.50000000000000	1.37986028151706	0.99540214719033	-0.39070123924948	0.36814704198961
2.51000000000000	1.42202111239990	1.06086058037785	-0.40006853852759	0.37878182649093
2.52000000000000	1.46898446729104	1.12369185543936	-0.41757002012601	0.39468372147897
2.53000000000000	1.51979065676070	1.18444293588105	-0.44379441976799	0.41541988243180
2.54000000000000	1.57281653373655	1.24146757298865	-0.47866043388930	0.44018528967464
2.55000000000000	1.62705274011610	1.29575464843785	-0.52191613170114	0.46783120501186
2.56000000000000	1.68039587361471	1.34620290367856	-0.57307838837729	0.49723140645173
2.57000000000000	1.73097623796284	1.39323039990537	-0.63146700089055	0.52724174936621
2.58000000000000	1.77766437673636	1.43734336902631	-0.69609485294645	0.55697667797278
2.59000000000000	1.81913384553184	1.47896189760995	-0.76595217633174	0.58600614306814
2.60000000000000	1.85448675822803	1.51882739789216	-0.83999801571105	0.61433694412013
2.61000000000000	1.88323940085541	1.55772571565819	-0.91717813280864	0.64233732613436
2.62000000000000	1.90501957861828	1.59490604704756	-0.99606115347136	0.67019701724733
2.63000000000000	1.92051235285637	1.63193073009200	-1.07524659661085	0.69810164256079
2.64000000000000	1.92981252850587	1.66716330937831	-1.15305596129083	0.72579801017289
2.65000000000000	1.93394400977048	1.70144544433312	-1.22766994515741	0.75272788066847
2.66000000000000	1.93374959201490	1.73321429671837	-1.29725037629447	0.77804235402015
2.67000000000000	1.93044380492597	1.76252956473024	-1.35996921928329	0.80076279726907
2.68000000000000	1.92511074966649	1.78871430674415	-1.41420170300566	0.81998969135258
2.69000000000000	1.91796019973176	1.81137915066994	-1.45842004027284	0.83480256505932
2.70000000000000	1.90975035687758	1.83075101472265	-1.49161072333009	0.84478702598939
2.71000000000000	1.90045970762325	1.84676665941450	-1.51302882782615	0.84968804684460
2.72000000000000	1.88985151269169	1.86000699769875	-1.52227505776463	0.84953484374167
2.73000000000000	1.87721616726965	1.87089435745295	-1.51920671021122	0.84451907126473
2.74000000000000	1.86202592697699	1.87957714983719	-1.50408153210750	0.83494259775511
2.75000000000000	1.84376302907920	1.88679159541413	-1.47749679870716	0.82116625260768
2.76000000000000	1.82179918021540	1.89266071949746	-1.44001848596891	0.80341852700179
2.77000000000000	1.79563515503178	1.89729674813436	-1.39247488465997	0.78196006870951
2.78000000000000	1.76519476913003	1.90093950457616	-1.33606027303677	0.75737302077566
2.79000000000000	1.72993092794835	1.90343444488216	-1.27195759909573	0.73022793969337
2.80000000000000	1.68995331177457	1.90452472657308	-1.20161533394517	0.70148363537798
2.81000000000000	1.64541533149705	1.90384317139845	-1.12641707028054	0.67202419103699
2.82000000000000	1.59669179830156	1.90089421385527	-1.04791732872818	0.64284575341727
2.83000000000000	1.54469391771803	1.89570353384246	-0.96769087135493	0.61478820549316
2.84000000000000	1.49031287116805	1.88805225732470	-0.88710211108603	0.58831283296670
2.85000000000000	1.43491683834247	1.87847425902079	-0.80748384815952	0.56357703417243
2.86000000000000	1.37992521673016	1.86714127185610	-0.73018658217535	0.54054628639399
2.87000000000000	1.32711818640034	1.85447057866001	-0.65645210954493	0.51899157864455
2.88000000000000	1.27753211185276	1.84044091231299	-0.58745616369765	0.49844694603972
2.89000000000000	1.23219258173814	1.82448497010916	-0.52425576820501	0.47839567504907
2.90000000000000	1.19194103962081	1.80578484906573	-0.46792248984673	0.45849126771104
2.91000000000000	1.15706517380368	1.78319786509654	-0.41941710782651	0.43842533614185
2.92000000000000	1.12752791233609	1.75552344335140	-0.37951877310883	0.41806863518015
2.93000000000000	1.10313953333882	1.72150496091755	-0.34895653826249	0.39755543488229
2.94000000000000	1.08326122028433	1.68010527838548	-0.32809450073367	0.37708705209769
2.95000000000000	1.06736642489313	1.63094546862295	-0.31712842193310	0.35716428009961
2.96000000000000	1.05489841639737	1.57370495284673	-0.31609167913308	0.33843856413470
2.97000000000000	1.04474630578658	1.50860573836508	-0.32474561798329	0.32174413231451
2.98000000000000	1.03604811748369	1.43615126476328	-0.34257882178904	0.30793230062414
2.99000000000000	1.02778736694570	1.35727326454899	-0.36892044682619	0.29795086115934
3.00000000000000	1.01877572711101	1.27287281981460	-0.40287664862789	0.29268092819444
3.01000000000000	1.00776042075930	1.18354339285255	-0.44354078282510	0.29290337902547
3.02000000000000	0.99358042561337	1.09091412500631	-0.48972557956732	0.29904121981398
3.03000000000000	0.97476742348875	0.99538253352088	-0.53999278914541	0.31094850915893
3.04000000000000	0.95036566202984	0.89859328396643	-0.59303093769283	0.32826618117158
3.05000000000000	0.91965039195520	0.80180546536484	-0.64745600546238	0.35015998054730
3.06000000000000	0.88177931389827	0.70591861344984	-0.70186723807094	0.37547434565986
3.07000000000000	0.83615938323476	0.61205928385690	-0.75512321077891	0.40300615134150
3.08000000000000	0.78296850289329	0.52110924664786	-0.80625592809593	0.43164349260218
3.09000000000000	0.72306308947568	0.43384071426029	-0.85477089041778	0.46068660942477
3.10000000000000	0.65772615203710	0.35149818559224	-0.90031899692228	0.48962724655965
3.11000000000000	0.58863714932454	0.27409179799735	-0.94291250328916	0.51844977015120
3.12000000000000	0.51849569068502	0.20312723865756	-0.98279191929082	0.54740502577656
3.13000000000000	0.44990760711280	0.13808046421778	-1.02028762275332	0.57704049708675
3.14000000000000	0.38586780522360	0.08031406756667	-1.05571024408828	0.60772104810864
3.15000000000000	0.32861641380636	0.02904435246837	-1.08912528899133	0.63957194341298
3.16000000000000	0.28085044960341	-0.01483498180897	-1.12063310085594	0.67251975078425
3.17000000000000	0.24439072068648	-0.05230210543646	-1.15012828500845	0.70605571324458
3.18000000000000	0.22081755053903	-0.08316678485847	-1.17718312540961	0.73912413474734
3.19000000000000	0.21069843222420	-0.10836549188472	-1.20140167812293	0.77052230839566
3.20000000000000	0.21403301517049	-0.12877641936269	-1.22244083949523	0.79910513942492
3.21000000000000	0.23036591283366	-0.14500693352538	-1.24023212072176	0.82401680157262
3.22000000000000	0.25798771920319	-0.15825978372946	-1.25484137080394	0.84470326541752
3.23000000000000	0.29494440426332	-0.16896829578731	-1.26661151686684	0.86108083204506
3.24000000000000	0.33911505500524	-0.17711430689532	-1.27614619067843	0.87341652177940
3.25000000000000	0.38795576767058	-0.18329603573404	-1.28406425268174	0.88221530187994
3.26000000000000	0.43964430848898	-0.18722983316637	-1.29148528757827	0.88860984623228
3.27000000000000	0.49213828671769	-0.18917921696940	-1.29910998528021	0.89350426768073
3.28000000000000	0.54398685240510	-0.18893497419178	-1.30777403892237	0.89807410764025
3.29000000000000	0.59423878738780	-0.18627300905139	-1.31811218039471	0.90336982234946
3.30000000000000	0.64213643190672	-0.18106685762407	-1.33054607365554	0.91031487839556
3.31000000000000	0.68723350652921	-0.17305731514598	-1.34526042049063	0.91957115174222
3.32000000000000	0.72939263144262	-0.16197791631684	-1.36212289121527	0.93135834692721
3.33000000000000	0.76851413870065	-0.14801478534825	-1.38061083830287	0.94543330324073
3.34000000000000	0.80476762214824	-0.13117390447304	-1.39992209899670	0.96109953923903
3.35000000000000	0.83838056651004	-0.11211968517377	-1.41912519028300	0.97742291082314
3.36000000000000	0.87015361112508	-0.09111169949417	-1.43708187096973	0.99324381683639
3.37000000000000	0.90083343280860	-0.06796628839109	-1.45237451182277	1.00720719727206
3.38000000000000	0.93126534329302	-0.04259046711483	-1.46382634777480	1.01829911448270
3.39000000000000	0.96227186732653	-0.01459688379579	-1.47039106925015	1.02587002456173
3.40000000000000	0.99446052939110	0.01652216231329	-1.47116820534431	1.02955583324705
3.41000000000000	1.02777954993518	0.05044812658913	-1.46530613632004	1.02923722093079
3.42000000000000	1.06228052500668	0.08779918155225	-1.45234389677710	1.02508247243030
3.43000000000000	1.09713091957524	0.12741893802668	-1.43225831729048	1.01765688647059
3.44000000000000	1.13196419623144	0.16959296239946	-1.40488299033462	1.00732315780680
3.45000000000000	1.16535470327576	0.21265346747303	-1.37052679525725	0.99471661309495
3.46000000000000	1.19632306324014	0.25659719105706	-1.32974886584125	0.98044677469549
3.47000000000000	1.22329958898805	0.29966183482304	-1.28338958449582	0.96514209786795
3.48000000000000	1.24505235669588	0.34159149084569	-1.23239034291986	0.94921575196564
3.49000000000000	1.25993118001180	0.38122297331116	-1.17770351565379	0.93273156846096
3.50000000000000	1.26683874897009	0.41829172057877	-1.12048786613164	0.91567542502516
3.51000000000000	1.26494426290290	0.45277344759471	-1.06187284121677	0.89779222229684
3.52000000000000	1.25364810975137	0.48438190024576	-1.00297193040998	0.87879989045486
3.53000000000000	1.23302713131252	0.51422722836967	-0.94501036114318	0.85859226657088
3.54000000000000	1.20356553679447	0.54236435186439	-0.88897752696908	0.83702627275502
3.55000000000000	1.16621617769974	0.56885385036703	-0.83611673671641	0.81448355393063
3.56000000000000	1.12245289221734	0.59514565866507	-0.78752793720192	0.79149319096690
3.57000000000000	1.07397752509751	0.62127301496017	-0.74426337482102	0.76877398840197
3.58000000000000	1.02258445494165	0.64789072402573	-0.70723645651017	0.74714372086355
3.59000000000000	0.97057707461856	0.67550545795480	-0.67723116061898	0.72735796906722
3.60000000000000	0.92021675228513	0.70413006028295	-0.65488064220088	0.71004994000309
3.61000000000000	0.87382957210130	0.73432022735689	-0.64062770956065	0.69561840233598
3.62000000000000	0.83353850957545	0.76558311241417	-0.63472776957629	0.68419775679992
3.63000000000000	0.80151345696913	0.79849587976162	-0.63723975720730	0.67573305880813
3.64000000000000	0.77894584277495	0.83239202931780	-0.64799059872459	0.66989785418840
3.65000000000000	0.76676721950897	0.86789229280622	-0.66686549878393	0.66653280635422
3.66000000000000	0.76487423595396	0.90457743145373	-0.69352366911015	0.66541924219517
3.67000000000000	0.77277373896296	0.94294777483819	-0.72750867892601	0.66650726791686
3.68000000000000	0.78922516255815	0.98316063527050	-0.76832328769685	0.67004050221418
3.69000000000000	0.81245988866248	1.02544305179769	-0.81545332869829	0.67656079816762
3.70000000000000	0.84047888231704	1.06971400999416	-0.86823693530485	0.68676908181020
3.71000000000000	0.87130476399289	1.11534639319440	-0.92581181675403	0.70132628649517
3.72000000000000	0.90306883162030	1.16150283828425	-0.98726170664751	0.72077654828596
3.73000000000000	0.93320912142701	1.20645420322014	-1.05146417624202	0.74532563862597
3.74000000000000	0.95994121987660	1.24847402032780	-1.11721078059745	0.77470769947087
3.75000000000000	0.98151101662296	1.28536729022586	-1.18309076691443	0.80806901113723
3.76000000000000	0.99638304029652	1.31521959089901	-1.24777427617695	0.84415377780635
3.77000000000000	1.00322073539964	1.33613921628914	-1.30981950528608	0.88122020286957
3.78000000000000	1.00132274251413	1.34698340708632	-1.36823332891982	0.91764840652463
3.79000000000000	0.99022176564005	1.34654902256369	-1.42193457820839	0.95159528557891
3.80000000000000	0.96996581410310	1.33469968709205	-1.47023349187483	0.98158531463810
3.81000000000000	0.94100157347789	1.31165304402164	-1.51270998340191	1.00651030575958
3.82000000000000	0.90413841527790	1.27788945824440	-1.54913483334628	1.02561678823013
3.83000000000000	0.86024119031742	1.23498161267640	-1.57950540522942	1.03858245983717
3.84000000000000	0.81063306610715	1.18314562968253	-1.60394850017113	1.04545777266023
3.85000000000000	0.75724222765779	1.12416395111757	-1.62264328799363	1.04657175591013
3.86000000000000	0.70205000222372	1.05904391481416	-1.63587754060579	1.04257361485221
3.87000000000000	0.64670402649823	0.98776684930242	-1.64397109945225	1.03431012242084
3.88000000000000	0.59319013695504	0.91118554380026	-1.64730161514881	1.02279703046793
3.89000000000000	0.54321040748794	0.82990673098038	-1.64619417485715	1.00903574030380
3.90000000000000	0.49828045921189	0.74478395044332	-1.64094803145712	0.99390585837854
3.91000000000000	0.45967495812859	0.65787212253702	-1.63198112163254	0.97833491225503
3.92000000000000	0.42770545472430	0.57009884263853	-1.61958499834773	0.96291677427241
3.93000000000000	0.40308788226631	0.48414673115222	-1.60398258716207	0.94802792896437
3.94000000000000	0.38537761685993	0.40086839113648	-1.58534972981162	0.93388918724155
3.95000000000000	0.37370083838041	0.32266892951108	-1.56400806913900	0.92057196242999
3.96000000000000	0.36651157228410	0.24992286741188	-1.54014480300730	0.90810454882208
3.97000000000000	0.36252709789808	0.18440092214052	-1.51396516429463	0.89636066891175
3.98000000000000	0.35991692781623	0.12589428945234	-1.48573093121884	0.88524857879871
3.99000000000000	0.35711670846784	0.07489553057782	-1.45580191540623	0.87475380517750
4.00000000000000	0.35285485882397	0.03108245175740	-1.42449372243944	0.86481111083554
4.01000000000000	0.34651351570872	-0.00598393641421	-1.39209292630761	0.85530146003425
4.02000000000000	0.33777409396477	-0.03649505100308	-1.35885667203229	0.84607454976982
4.03000000000000	0.32680138457292	-0.06069933238681	-1.32500822708761	0.83690913531188
4.04000000000000	0.31404923613700	-0.07841436492699	-1.29066725685220	0.82748693191130
4.05000000000000	0.30035914660647	-0.08927962756655	-1.25578128815958	0.81736574289777
4.06000000000000	0.28667572073145	-0.09337900260157	-1.22024681842535	0.80612677835014
4.07000000000000	0.27367502263894	-0.09060987968340	-1.18398576300434	0.79359679630433
4.08000000000000	0.26207717363324	-0.08140379953953	-1.14687796598610	0.77972593642491
4.09000000000000	0.25240302745619	-0.06633256738053	-1.10887132724254	0.76476876080895
4.10000000000000	0.24483257326700	-0.04600115103085	-1.07001427955196	0.74918718401519
4.11000000000000	0.23933027428508	-0.02117030517200	-1.03035709517998	0.73346125987125
4.12000000000000	0.23544107398115	0.00765000910551	-0.99019675712098	0.71825906592908
4.13000000000000	0.23288772708767	0.04001247177933	-0.94983874893541	0.70405876693408
4.14000000000000	0.23135084979879	0.07564835093551	-0.90973778212959	0.69124794353394
4.15000000000000	0.23064234563592	0.11425496667888	-0.87046957856178	0.68001802825435
4.16000000000000	0.23079734307823	0.15556201055791	-0.83271541503268	0.67040035666753
4.17000000000000	0.23201918593980	0.19929411679437	-0.79729187326850	0.66236447532029
4.18000000000000	0.23476533734511	0.24528815991353	-0.76513414068497	0.65587243320852
4.19000000000000	0.23913777515662	0.29318522579071	-0.73722593793751	0.65087155160058
4.20000000000000	0.24556785178794	0.34284658067147	-0.71444587169286	0.64722357305337
4.21000000000000	0.25437490810067	0.39416853882938	-0.69758349365815	0.64474105306955
4.22000000000000	0.26556953748734	0.44701381370807	-0.68737256022456	0.64329886165848
4.23000000000000	0.27926300239784	0.50132517783491	-0.68414661431339	0.64265019445123
4.24000000000000	0.29563672336239	0.55686734866768	-0.68812566043478	0.64271733048195
4.25000000000000	0.31510038176938	0.61375049581767	-0.69939380930022	0.64370761316442
4.26000000000000	0.33785932039732	0.67164695869642	-0.71784957831852	0.64598293796860
4.27000000000000	0.36474206204837	0.73060136994617	-0.74313242717529	0.65005299181750
4.28000000000000	0.39608796977454	0.79014852934798	-0.77482080432058	0.65646412366239
4.29000000000000	0.43262896263684	0.85027965655739	-0.81230402133018	0.66571768888983
4.30000000000000	0.47436745260654	0.91035788759042	-0.85501202899450	0.67819719523131
4.31000000000000	0.52116649670756	0.96988078378251	-0.90200210505709	0.69382150275796
4.32000000000000	0.57242557223236	1.02816740154629	-0.95247660474513	0.71256653257132
4.33000000000000	0.62714150969739	1.08422473334077	-1.00554360657273	0.73403484537330
4.34000000000000	0.68406820473849	1.13742492237148	-1.06025052982247	0.75768087337847
4.35000000000000	0.74200649222241	1.18695576924072	-1.11570622320420	0.78281915627094
4.36000000000000	0.79963965520395	1.23191572277071	-1.17091490512083	0.80860205824879
4.37000000000000	0.85607492783171	1.27234529327303	-1.22492710259845	0.83418332313446
4.38000000000000	0.91024660026902	1.30756370236307	-1.27664892017484	0.85860862539886
4.39000000000000	0.96214390591952	1.33795979657116	-1.32504744092061	0.88100322392902
4.40000000000000	1.01135953789014	1.36346993287453	-1.36900289332149	0.90053919724508
4.41000000000000	1.05760515666040	1.38385729720350	-1.40733903679959	0.91639312739546
4.42000000000000	1.10076958993551	1.39943606565775	-1.43892180412983	0.92784064313813
4.43000000000000	1.14019062206381	1.40938719481671	-1.46276454252281	0.93435232340972
4.44000000000000	1.17552244420401	1.41447377094072	-1.47794123385223	0.93544342605678
4.45000000000000	1.20571927487814	1.41337771257550	-1.48383605083333	0.93091187665424
4.46000000000000	1.23034521396475	1.40712750696777	-1.48008630803268	0.92068716858489
4.47000000000000	1.24860118737183	1.39511100033006	-1.46680967017039	0.90505994868005
4.48000000000000	1.26044864940095	1.37794250048468	-1.44449552524607	0.88451475174513
4.49000000000000	1.26620244629265	1.35614880318162	-1.41402047199195	0.85981764253710
4.50000000000000	1.26650903830865	1.33037167206367	-1.37678055330281	0.83205602741875
4.51000000000000	1.26260109429359	1.30137186769976	-1.33448495967752	0.80242538670069
4.52000000000000	1.25586935251394	1.26996533591502	-1.28904154222514	0.77222076078364
4.53000000000000	1.24774543797561	1.23642224080792	-1.24255104346961	0.74276099343249
4.54000000000000	1.24007035873657	1.20211645378787	-1.19700973685769	0.71511043901480
4.55000000000000	1.23393765827488	1.16738156846594	-1.15432117741919	0.69023336566162
4.56000000000000	1.23063383563636	1.13390684313224	-1.11608822910658	0.66875409834248
4.57000000000000	1.23065789852058	1.10208056717611	-1.08359450299815	0.65110097779609
4.58000000000000	1.23469985633377	1.07313899103525	-1.05773457939135	0.63739886166777
4.59000000000000	1.24248009631911	1.04754907731091	-1.03898600687190	0.62765126485895
4.60000000000000	1.25357559180612	1.02558107126365	-1.02745861494213	0.62172958507856
4.61000000000000	1.26738299821254	1.00731734380147	-1.02293199308045	0.61944294122904
4.62000000000000	1.28300734250239	0.99231067030901	-1.02486824392104	0.62065229034041
4.63000000000000	1.29982582512906	0.98012298467862	-1.03243718866083	0.62514451423112
4.64000000000000	1.31713869634648	0.97038267744496	-1.04452304559692	0.63258652364602
4.65000000000000	1.33435643851701	0.96303372899528	-1.05971722257064	0.64251888084444
4.66000000000000	1.35083281228911	0.95778402811072	-1.07659735551546	0.65432398696574
4.67000000000000	1.36591506294434	0.95500767546508	-1.09332584401240	0.66694546319927
4.68000000000000	1.37883299673795	0.95436514688880	-1.10810969429601	0.67923250607828
4.69000000000000	1.38867363202606	0.95595335317916	-1.11917297589869	0.68990468443201
4.70000000000000	1.39442535887448	0.95936590078169	-1.12493330350639	0.69785409061632
4.71000000000000	1.39498043851973	0.96350834626379	-1.12408571849950	0.70215890740091
4.72000000000000	1.38961255472785	0.96753701823324	-1.11573129292467	0.70231433037403
4.73000000000000	1.37760844299022	0.96949584432741	-1.09948684707518	0.69828345929927
4.74000000000000	1.35898058631093	0.96878328720312	-1.07552622592350	0.69040680499885
4.75000000000000	1.33392822556256	0.96306718863130	-1.04436293115787	0.67920965679484
4.76000000000000	1.30357279846546	0.95193037743448	-1.00706409656942	0.66542909811216
4.77000000000000	1.26879580104237	0.93354046105011	-0.96500384340571	0.64988168436178
4.78000000000000	1.23118194347747	0.90784319625273	-0.91987248331334	0.63335728696803
4.79000000000000	1.19194782475192	0.87400674662416	-0.87345250283706	0.61648656750464
4.80000000000000	1.15232549878864	0.83169528095207	-0.82758923145050	0.59982923098539
4.81000000000000	1.11340425738752	0.78084789505668	-0.78421595262723	0.58390508947209
4.82000000000000	1.07611762011317	0.72178327691168	-0.74520680960000	0.56925522502571
4.83000000000000	1.04118875340737	0.65470463973884	-0.71223222995644	0.55637577876161
4.84000000000000	1.00966249151260	0.58129859634330	-0.68686588445115	0.54588086040278
4.85000000000000	0.98193564233889	0.50137289804494	-0.67036368397283	0.53831521983890
4.86000000000000	0.95920172718001	0.41752233041007	-0.66406647047339	0.53452958975838
4.87000000000000	0.94184036847180	0.32987761744000	-0.66867713985751	0.53496282336715
4.88000000000000	0.93052208252961	0.24066423808401	-0.68469478395377	0.54002081569881
4.89000000000000	0.92524518955003	0.15070223674780	-0.71233297613102	0.54993845736172
4.90000000000000	0.92594398588721	0.06175384712418	-0.75152370011506	0.56484622812135
4.91000000000000	0.93220503922594	-0.02463970813337	-0.80178070356912	0.58466124542229
4.92000000000000	0.94333136013362	-0.10722390712244	-0.86237558786351	0.60923332650387
4.93000000000000	0.95867712557235	-0.18416059549761	-0.93224874559339	0.63834041833333
4.94000000000000	0.97728502106801	-0.25451863016820	-1.01017355722131	0.67171478030050
4.95000000000000	0.99843675939438	-0.31655655832854	-1.09441530860196	0.70886549633154
4.96000000000000	1.02139352040099	-0.36952254131126	-1.18333514769910	0.74943684961336
4.97000000000000	1.04545956675230	-0.41225055484793	-1.27480819075391	0.79267040749362
4.98000000000000	1.06994460331862	-0.44422424354007	-1.36663523698731	0.83778387293527
4.99000000000000	1.09455048818813	-0.46506025780269	-1.45670872346545	0.88402568909883
5.00000000000000	1.11908919230503	-0.47493151881666	-1.54296225958696	0.93065942169434
5.01000000000000	1.14365715601348	-0.47402427979630	-1.62352391322452	0.97699580541443
5.02000000000000	1.16799370246204	-0.46291568558998	-1.69668083039188	1.02225269322566
5.03000000000000	1.19276122492098	-0.44271914081495	-1.76106939577129	1.06567338099957
5.04000000000000	1.21771793930255	-0.41425937945303	-1.81551785224495	1.10628531705227
5.05000000000000	1.24257131521508	-0.37917518977403	-1.85926543701812	1.14314423271909
5.06000000000000	1.26675171227109	-0.33833025098143	-1.89164528972853	1.17509264722759
5.07000000000000	1.28933943688114	-0.29340792047319	-1.91244307543647	1.20117400377618
5.08000000000000	1.30953549705171	-0.24496427732498	-1.92173488723624	1.22065133349632
5.09000000000000	1.32597047610930	-0.19409079995700	-1.91989604564783	1.23311708229171
5.10000000000000	1.33731392682420	-0.14102705584414	-1.90749572769592	1.23845859539560
5.11000000000000	1.34247744517978	-0.08586753333016	-1.88552502819899	1.23709960468796
5.12000000000000	1.34046112858966	-0.02844158377459	-1.85515221784504	1.22980939931541
5.13000000000000	1.33041206429985	0.03152265508228	-1.81764612642225	1.21757922412575
5.14000000000000	1.31177071987542	0.09416995721854	-1.77425613652902	1.20147918252460
5.15000000000000	1.28385518122064	0.15898987398916	-1.72655807144438	1.18290443648583
5.16000000000000	1.24748369371323	0.22671506736261	-1.67598472960203	1.16313766627983
5.17000000000000	1.20306253375458	0.29602958245287	-1.62376848920114	1.14315518086225
5.18000000000000	1.15186415939522	0.36720563947571	-1.57131138078917	1.12385875480584
5.19000000000000	1.09540626329399	0.43913111081419	-1.51939851641253	1.10549514649287
5.20000000000000	1.03563959727738	0.51138457694982	-1.46896904661335	1.08819533160988
5.21000000000000	0.97440767813240	0.58333126233439	-1.42055685684510	1.07164577622548
5.22000000000000	0.91330617628994	0.65402388365278	-1.37447770819851	1.05530184073809
5.23000000000000	0.85415384058432	0.72325462438049	-1.33101644692929	1.03876159709922
5.24000000000000	0.79751524407864	0.79020340233844	-1.29029117746844	1.02167970675938
5.25000000000000	0.74456281294994	0.85489565340082	-1.25244586652284	1.00399947851494
5.26000000000000	0.69555841841323	0.91626182352896	-1.21750175579544	0.98585129553170
5.27000000000000	0.65071788074474	0.97433640683022	-1.18553350965242	0.96752727698913
5.28000000000000	0.60972612269074	1.02807545233527	-1.15657417222735	0.94937672644007
5.29000000000000	0.57218680391117	1.07683092503996	-1.13054435777282	0.93162142482068
5.30000000000000	0.53757092016543	1.11941371452951	-1.10731118142115	0.91428390764962
5.31000000000000	0.50535227961106	1.15489652313452	-1.08669514481991	0.89732992930156
5.32000000000000	0.47514916270535	1.18243789371706	-1.06858714764656	0.88068328096002
5.33000000000000	0.44622139322611	1.20122492351946	-1.05273864027063	0.86417358940780
5.34000000000000	0.41833187016877	1.21059556641338	-1.03902042456944	0.84789592020331
5.35000000000000	0.39134484311113	1.21063138086535	-1.02738270207362	0.83213488849803
5.36000000000000	0.36499900669611	1.20145326466282	-1.01777029848768	0.81731160076000
5.37000000000000	0.33925199553974	1.18379609948815	-1.01009511618680	0.80388958292083
5.38000000000000	0.31427249434617	1.15831355936410	-1.00422567672097	0.79228277620112
5.39000000000000	0.29019530497039	1.12624406678392	-0.99989913805697	0.78271266753658
5.40000000000000	0.26717450790512	1.08868926349611	-0.99682807410738	0.77517678782689
5.41000000000000	0.24577852673880	1.04699122809053	-0.99463683021667	0.76944860771670
5.42000000000000	0.22696617787921	1.00238281025081	-0.99303149482199	0.76518670786239
5.43000000000000	0.21131011137059	0.95587825860081	-0.99151424009806	0.76171631513918
5.44000000000000	0.19966286288184	0.90879189695304	-0.98994885587075	0.75861881253098
5.45000000000000	0.19272863131357	0.86190823587713	-0.98821204494476	0.75541855080983
5.46000000000000	0.19135700893257	0.81644850301439	-0.98630141450531	0.75177913410002
5.47000000000000	0.19591722856677	0.77296525565579	-0.98432548648882	0.74751063045882
5.48000000000000	0.20607374789721	0.73209734301931	-0.98243247740828	0.74252856661204
5.49000000000000	0.22160114212225	0.69455915447376	-0.98076904681396	0.73687409502185
5.50000000000000	0.24214630340080	0.66072312918077	-0.97949295411892	0.73068208239572
5.51000000000000	0.26671046559823	0.63091612467893	-0.97868165781540	0.72409341653707
5.52000000000000	0.29434171818185	0.60559838791155	-0.97817765783281	0.71708765470257
5.53000000000000	0.32409614894488	0.58477803468170	-0.97769211630419	0.70956454019554
5.54000000000000	0.35504368861377	0.56878927144089	-0.97703004574520	0.70149386683928
5.55000000000000	0.38627949982687	0.55766398723404	-0.97586415517967	0.69275337015269
5.56000000000000	0.41681515294514	0.55120064570633	-0.97379972852291	0.68314732131619
5.57000000000000	0.44568970550603	0.54905607336852	-0.97063412125231	0.67270476508756
5.58000000000000	0.47179096889600	0.55032935610960	-0.96636077628656	0.66165825528619
5.59000000000000	0.49396801416525	0.55396503973590	-0.96117764140716	0.65050735782786
5.60000000000000	0.51102836918389	0.55871797557385	-0.95542700097195	0.63989088283275
5.61000000000000	0.52191326619069	0.56318426700796	-0.94970946224660	0.63064262262609
5.62000000000000	0.52602524605821	0.56570722944788	-0.94473398088924	0.62356625418168
5.63000000000000	0.52298203705038	0.56517689029330	-0.94119754131375	0.61921538759473
5.64000000000000	0.51290410605084	0.56038467490447	-0.93967521944594	0.61771743292080
5.65000000000000	0.49660683216149	0.55157077737650	-0.94065040058456	0.61892549737185
5.66000000000000	0.47468857613902	0.53775459613340	-0.94440713016879	0.62225306957251
5.67000000000000	0.44875984900229	0.52016748626842	-0.95108266620287	0.62702560922447
5.68000000000000	0.42027337426823	0.49836865018394	-0.96066094382671	0.63249263235358
5.69000000000000	0.39121164156255	0.47371397162560	-0.97304239166592	0.63809806581662
5.70000000000000	0.36313761044235	0.44625733067987	-0.98802086722597	0.64344146614556
5.71000000000000	0.33769230041374	0.41656710348029	-1.00527802844074	0.64834557597723
5.72000000000000	0.31605344527789	0.38478515305495	-1.02438424110286	0.65278951804065
5.73000000000000	0.29879892151363	0.35078945313453	-1.04481173481480	0.65686557940880
5.74000000000000	0.28632654996153	0.31520573701780	-1.06593697431610	0.66074328730541
5.75000000000000	0.27796814434343	0.27741733919213	-1.08703348912577	0.66458090739015
5.76000000000000	0.27340821214281	0.23860032313170	-1.10729892374064	0.66842686559252
5.77000000000000	0.27139149091472	0.19806564092392	-1.12587926827952	0.67221591696178
5.78000000000000	0.27097643475939	0.15722738863555	-1.14190242909209	0.67572182634091
5.79000000000000	0.27108301153077	0.11675842103537	-1.15455416403351	0.67862262826703
5.80000000000000	0.27069263045764	0.07733071401223	-1.16315935131542	0.68064409949728
5.81000000000000	0.26895039099602	0.03973637548572	-1.16723518552409	0.68159692480135
5.82000000000000	0.26529441196878	0.00515585121203	-1.16646452342524	0.68133772892085
5.83000000000000	0.25926058485539	-0.02606479453191	-1.16079165426528	0.68002119471349
5.84000000000000	0.25072519029039	-0.05321976509996	-1.15044400521807	0.67773052273368
5.85000000000000	0.23964934275084	-0.07662605795020	-1.13570340941412	0.67466606175805
5.86000000000000	0.22633618802469	-0.09610857395465	-1.11700894174947	0.67087306331911
5.87000000000000	0.21118760891444	-0.11240423622165	-1.09485371662864	0.66635545389536
5.88000000000000	0.19505227973637	-0.12555785394814	-1.06987208291428	0.66106726403245
5.89000000000000	0.17881618329103	-0.13625007019150	-1.04264743358131	0.65490730717817
5.90000000000000	0.16344333073999	-0.14443978716802	-1.01371028966321	0.64760934438042
5.91000000000000	0.14990441320484	-0.15022547382036	-0.98362306985728	0.63901634995362
5.92000000000000	0.13921144684789	-0.15359669529756	-0.95298147719555	0.62908665322280
5.93000000000000	0.13222957587002	-0.15401832813880	-0.92236933199211	0.61788872106024
5.94000000000000	0.12960793398471	-0.15121995795340	-0.89235007092152	0.60567900515595
5.95000000000000	0.13184800790501	-0.14458969533100	-0.86350655128196	0.59288559396484
5.96000000000000	0.13920527893257	-0.13409789897457	-0.83641412229779	0.58003130312431
5.97000000000000	0.15185221699170	-0.11901028967552	-0.81156241921272	0.56764994227552
5.98000000000000	0.16934405527429	-0.09987243951603	-0.78943398732750	0.55627299379441
5.99000000000000	0.19096144800401	-0.07634456169503	-0.77030657289835	0.54625050881993
6.00000000000000	0.21555081054784	-0.04925002441127	-0.75449216176339	0.53796511938856
6.01000000000000	0.24185809766691	-0.01883802876428	-0.74221674460619	0.53173018117170
6.02000000000000	0.26838561302106	0.01440682701547	-0.73367331276362	0.52788890670841
6.03000000000000	0.29359130912469	0.04996195786427	-0.72899155464268	0.52675772512107
6.04000000000000	0.31632948857814	0.08794700826279	-0.72813752933758	0.52844649951739
6.05000000000000	0.33532785607582	0.12762112789384	-0.73096854551973	0.53294883736742
6.06000000000000	0.35005516397571	0.16996533189799	-0.73713113767182	0.53991787587329
6.07000000000000	0.35997111331153	0.21473320762804	-0.74608986605080	0.54881523439046
6.08000000000000	0.36496749624555	0.26215981706628	-0.75713268335452	0.55888392946612
6.09000000000000	0.36519502334267	0.31307752019213	-0.76940504866574	0.56928613261913
6.10000000000000	0.36091355025449	0.36766610773560	-0.78203087045935	0.57927605728704
6.11000000000000	0.35278418876224	0.42595578650408	-0.79418707034082	0.58827941519685
6.12000000000000	0.34124742461121	0.48774092444712	-0.80504109905277	0.59581346732873
6.13000000000000	0.32677981299749	0.55187015042361	-0.81391808329176	0.60159123532049
6.14000000000000	0.31023979226480	0.61807182022876	-0.82029089649250	0.60545446783058
6.15000000000000	0.29222349974509	0.68442674742287	-0.82386032009238	0.60737627376284
6.16000000000000	0.27364943842605	0.75070514836557	-0.82450535458527	0.60742826765286
6.17000000000000	0.25532225923806	0.81519895301728	-0.82235324533898	0.60580427214000
6.18000000000000	0.23811475547366	0.87825515544396	-0.81779789436584	0.60288255455587
6.19000000000000	0.22324031465624	0.93883315060324	-0.81148510547592	0.59914251188042
6.20000000000000	0.21151674150489	0.99741935965968	-0.80406952685187	0.59504858766753
6.21000000000000	0.20363607727820	1.05370148140715	-0.79635824491328	0.59108166450178
6.22000000000000	0.20031224089930	1.10784561962971	-0.78918592639378	0.58771860169096
6.23000000000000	0.20207640317474	1.15992594865914	-0.78328717603465	0.58532299016606
6.24000000000000	0.20879476833795	1.20977640706819	-0.77934289699010	0.58417643128718
6.25000000000000	0.22021255411103	1.25737422894248	-0.77788571802799	0.58449924816572
6.26000000000000	0.23573984174654	1.30225517183757	-0.77933679405474	0.58640084799299
6.27000000000000	0.25439122932296	1.34348534909559	-0.78390961631094	0.58981113042595
6.28000000000000	0.27526068589484	1.38101614884759	-0.79177191757371	0.59471310584393
6.29000000000000	0.29700266576540	1.41388730553602	-0.80287486442963	0.60081740376264
6.30000000000000	0.31846233946797	1.44165625594321	-0.81710367442172	0.60787293050349
6.31000000000000	0.33861106951126	1.46388178316542	-0.83430411757426	0.61566574742101
6.32000000000000	0.35646771784454	1.48024760064380	-0.85421714069520	0.62402368475449
6.33000000000000	0.37136542787488	1.49053259310959	-0.87658320590042	0.63297491209483
6.34000000000000	0.38290519925518	1.49451758763047	-0.90115115620036	0.64270787410598
6.35000000000000	0.39100505931858	1.49174191331242	-0.92767629216475	0.65358752498829
6.36000000000000	0.39557237575066	1.48212307791819	-0.95557015115287	0.66568574495278
6.37000000000000	0.39674542668294	1.46525450657738	-0.98424639427945	0.67904804000114
6.38000000000000	0.39499678760499	1.44115017427133	-1.01291321959344	0.69342498305852
6.39000000000000	0.39067774662945	1.40937194367416	-1.04064125272518	0.70828490240187
6.40000000000000	0.38430745515219	1.37024869611733	-1.06617889549297	0.72263644669043
6.41000000000000	0.37660746272320	1.32400876241604	-1.08837060288083	0.73551651201448
6.42000000000000	0.36840943774548	1.27102038651006	-1.10614879438697	0.74604642437326
6.43000000000000	0.36067552252642	1.21176969709782	-1.11869553910373	0.75365035365122
6.44000000000000	0.35421888006790	1.14711459803693	-1.12538563898273	0.75802406087133
6.45000000000000	0.34954579601150	1.07767839857417	-1.12588379022725	0.75920081489504
6.46000000000000	0.34759668829647	1.00498786246245	-1.12036267915910	0.75773569035335
6.47000000000000	0.34833519896669	0.92918195101372	-1.10914112890452	0.75412364823457
6.48000000000000	0.35150039998218	0.85210593470626	-1.09275221480404	0.74892566728169
6.49000000000000	0.35628418784220	0.77413410426810	-1.07193312425622	0.74259233213171
6.50000000000000	0.36208261095444	0.69701679699759	-1.04758121832148	0.73551223330903
6.51000000000000	0.36773503848372	0.62129041308426	-1.02067678914757	0.72789786789518
6.52000000000000	0.37269033834864	0.54831713905386	-0.99239214937059	0.72000400513151
6.53000000000000	0.37652624526348	0.47887419372343	-0.96395122587600	0.71208090688648
6.54000000000000	0.37904638777907	0.41329561003406	-0.93663549487422	0.70439384041621
6.55000000000000	0.38026880510043	0.35208955769834	-0.91156687712512	0.69714952456337
6.56000000000000	0.38103347251943	0.29461307378467	-0.89014204410365	0.69093048866613
6.57000000000000	0.38177945492668	0.24095680594602	-0.87334420758549	0.68603057399604
6.58000000000000	0.38320448927339	0.19105606505203	-0.86198691624507	0.68277326753035
6.59000000000000	0.38565010566519	0.14396226741212	-0.85642764268381	0.68122297272720
6.60000000000000	0.38959923236125	0.09952065186447	-0.85686458325375	0.68151380297144
6.61000000000000	0.39532196592561	0.05721020485192	-0.86304932816209	0.68359587295589
6.62000000000000	0.40294622306527	0.01654665893890	-0.87432743522904	0.68726059944543
6.63000000000000	0.41228960108320	-0.02271877272492	-0.88956612718858	0.69203198768182
6.64000000000000	0.42343652402407	-0.06108479808486	-0.90752613776423	0.69751632654333
6.65000000000000	0.43647897889898	-0.09849044891058	-0.92657307289156	0.70306513608117
6.66000000000000	0.45114854545270	-0.13561484380363	-0.94528756634601	0.70824527280502
6.67000000000000	0.46698055132356	-0.17224561259116	-0.96166945603977	0.71224066937042
6.68000000000000	0.48357006400521	-0.20910097349845	-0.97447248815485	0.71477977385867
6.69000000000000	0.50029975164565	-0.24616511319159	-0.98245089885732	0.71559430460138
6.70000000000000	0.51612592969996	-0.28429295972632	-0.98473160194060	0.71460190543053
6.71000000000000	0.52984791653021	-0.32362387823930	-0.98076871835918	0.71179585735306
6.72000000000000	0.54004439777856	-0.36444608586550	-0.97052696286938	0.70741005074524
6.73000000000000	0.54541664385139	-0.40671298712547	-0.95430558291911	0.70170346550030
6.74000000000000	0.54455385607775	-0.44994015498163	-0.93271445082916	0.69495932791576
6.75000000000000	0.53625370401403	-0.49368784844730	-0.90659570102650	0.68738677786611
6.76000000000000	0.52021752218075	-0.53698051988899	-0.87701474009682	0.67919713114251
6.77000000000000	0.49667075138070	-0.57857274595443	-0.84511781511871	0.67050818009584
6.78000000000000	0.46627328308470	-0.61777371530399	-0.81206984731436	0.66137611110739
6.79000000000000	0.43032516809901	-0.65337631425292	-0.77903437580822	0.65187917757803
6.80000000000000	0.39060942187807	-0.68486109794300	-0.74711988551822	0.64209966617105
6.81000000000000	0.34907227558360	-0.71165024171836	-0.71735389705051	0.63222864509655
6.82000000000000	0.30765477816878	-0.73330337324830	-0.69069603965715	0.62250476324303
6.83000000000000	0.26814516131881	-0.74968898247056	-0.66806186671384	0.61328608633777
6.84000000000000	0.23201293936509	-0.76067254319356	-0.65023020918249	0.60495160706505
6.85000000000000	0.20029032273033	-0.76641295673268	-0.63793302729808	0.59794345039083
6.86000000000000	0.17369309476157	-0.76720743030459	-0.63189291297135	0.59284133892621
6.87000000000000	0.15264764615794	-0.76300854290221	-0.63275231973885	0.59025650913408
6.88000000000000	0.13724230230560	-0.75466261363778	-0.64101090920790	0.59073601365792
6.89000000000000	0.12770740530873	-0.74212671599884	-0.65707706742818	0.59476121877443
6.90000000000000	0.12396805835395	-0.72609786416034	-0.68102050599674	0.60267436096852
6.91000000000000	0.12603441656612	-0.70687826107575	-0.71285788888346	0.61455419756932
6.92000000000000	0.13394972477601	-0.68448825644943	-0.75214554077535	0.63032564219545
6.93000000000000	0.14749796090280	-0.65897420999177	-0.79820197089352	0.64974770664688
6.94000000000000	0.16615193154743	-0.63089274576453	-0.85011095770961	0.67245221634381
6.95000000000000	0.18966908510213	-0.59964113791903	-0.90669056179285	0.69793221890268
6.96000000000000	0.21693712477119	-0.56634592286427	-0.96645769480628	0.72551636879237
6.97000000000000	0.24734860981621	-0.53035962642232	-1.02775784883262	0.75438968444496
6.98000000000000	0.27969525450429	-0.49311672246748	-1.08880221132588	0.78357842461877
6.99000000000000	0.31343313804045	-0.45406585688949	-1.14769644305050	0.81205821064956
7.00000000000000	0.34753352401899	-0.41452771648234	-1.20266416028239	0.83882821224773
7.01000000000000	0.38166233464140	-0.37406119333974	-1.25201572194779	0.86300150584963
7.02000000000000	0.41520414518549	-0.33337754919653	-1.29425224846316	0.88383371408984
7.03000000000000	0.44784222126472	-0.29262428396362	-1.32814659496670	0.90072218282369
7.04000000000000	0.47930756182659	-0.25192090496975	-1.35277742207576	0.91322947863453
7.05000000000000	0.50917585769225	-0.21180483980605	-1.36755125951625	0.92106562186895
7.06000000000000	0.53742902710361	-0.17218939179393	-1.37218339579118	0.92404648062023
7.07000000000000	0.56395477094499	-0.13357498764488	-1.36671529554127	0.92216883558101
7.08000000000000	0.58861661707423	-0.09708443327033	-1.35162519367085	0.91560443719751
7.09000000000000	0.61176236498653	-0.06212256568305	-1.32767962463871	0.90472026621145
7.10000000000000	0.63349265072767	-0.02969568511401	-1.29587881251140	0.89002682939796
7.11000000000000	0.65431440966341	0.00042068025294	-1.25744492168306	0.87209148104907
7.12000000000000	0.67456821780314	0.02786626057166	-1.21373063087745	0.85157776997588
7.13000000000000	0.69463170961753	0.05221772665887	-1.16608995981958	0.82906568620996
7.14000000000000	0.71474479831260	0.07368036218388	-1.11582768657807	0.80509734567258
7.15000000000000	0.73489739017245	0.09209863338396	-1.06404249727413	0.78004970566003
7.16000000000000	0.75490198881236	0.10773759527571	-1.01169077533484	0.75422999904806
7.17000000000000	0.77421511519951	0.12067096386494	-0.95954026291748	0.72788654007441
7.18000000000000	0.79207440662155	0.13117130619426	-0.90803638977705	0.70109133441892
7.19000000000000	0.80756845457721	0.13938572510417	-0.85735584011777	0.67379210233737
7.20000000000000	0.81964544648691	0.14541358191621	-0.80754545570059	0.64596000638145
7.21000000000000	0.82719939921198	0.14892800853076	-0.75861594522041	0.61768319456963
7.22000000000000	0.82958349270398	0.14987903533157	-0.71035524893844	0.58892617585668
7.23000000000000	0.82629421432384	0.14805990324064	-0.66258629183568	0.55976895048594
7.24000000000000	0.81720607536520	0.14314225488885	-0.61534663923704	0.53051282620661
7.25000000000000	0.80283558507304	0.13543136499647	-0.56880690265872	0.50155349590739
7.26000000000000	0.78372579186572	0.12462653778493	-0.52330499626536	0.47333353080633
7.27000000000000	0.76117209025815	0.11163931548987	-0.47934234211791	0.44635547578028
7.28000000000000	0.73620716185267	0.09647905091164	-0.43769813975276	0.42123787254695
7.29000000000000	0.71035684924008	0.08028731625488	-0.39928847639198	0.39857518642361
7.30000000000000	0.68476911793860	0.06322810882053	-0.36513295111689	0.37888575025048
7.31000000000000	0.66069534454750	0.04635200141216	-0.33637176385830	0.36264260077630
7.32000000000000	0.63914806932645	0.02992522570833	-0.31376703264302	0.34982881360915
7.33000000000000	0.62090820499048	0.01429326279336	-0.29822685449357	0.34051213691957
7.34000000000000	0.60646705814543	-0.00055239330308	-0.29039857522963	0.33458784545131
7.35000000000000	0.59592964206359	-0.01481609716022	-0.29071842361418	0.33196893399945
7.36000000000000	0.58923509900624	-0.02849879244273	-0.29930755461761	0.33254260881167
7.37000000000000	0.58574200864874	-0.04243784659425	-0.31594487468346	0.33621595212711
7.38000000000000	0.58466151158540	-0.05658858018494	-0.34012264434943	0.34289729296750
7.39000000000000	0.58487450431721	-0.07087515336487	-0.37099222761484	0.35243815305806
7.40000000000000	0.58479845531574	-0.08592149605902	-0.40734724989331	0.36456889243273
7.41000000000000	0.58308978964593	-0.10121167335965	-0.44749579537693	0.37861475557673
7.42000000000000	0.57817448695165	-0.11705088962416	-0.48970168427947	0.39390415352706
7.43000000000000	0.56879170041237	-0.13332944095377	-0.53207412444088	0.40955640981407
7.44000000000000	0.55402861746971	-0.14977112024625	-0.57262402364605	0.42446346962587
7.45000000000000	0.53327699316801	-0.16691369987336	-0.60948477046596	0.43752059756054
7.46000000000000	0.50665879440735	-0.18405321727092	-0.64101015592460	0.44762708127857
7.47000000000000	0.47418635875156	-0.20214942831283	-0.66593028448281	0.45394607843976
7.48000000000000	0.43690163733541	-0.22034561289695	-0.68342932976085	0.45586448144170
7.49000000000000	0.39586490858991	-0.23994623535678	-0.69317740812209	0.45317896482827
7.50000000000000	0.35253981058571	-0.26009716075330	-0.69526452694113	0.44587921705560
7.51000000000000	0.30831453088387	-0.28093269171569	-0.69030465331654	0.43432403857136
7.52000000000000	0.26470765315442	-0.30236760924169	-0.67935869890275	0.41914361495182
7.53000000000000	0.22336644185192	-0.32406437335060	-0.66370544088671	0.40107034523723
7.54000000000000	0.18577495715813	-0.34550694259029	-0.64487187132698	0.38101420609132
7.55000000000000	0.15317795981991	-0.36597722003779	-0.62456395476299	0.35998212809028
7.56000000000000	0.12684417548387	-0.38423088384767	-0.60449030774102	0.33908702174457
7.57000000000000	0.10781785502778	-0.39972642294282	-0.58626461056126	0.31929749495201
7.58000000000000	0.09697118412799	-0.41095779568016	-0.57133640157346	0.30189386760951
7.59000000000000	0.09458263357980	-0.41756887939534	-0.56110327831364	0.28765902386720
7.60000000000000	0.10031910546702	-0.41789743814067	-0.55666013323370	0.27789063350030
7.61000000000000	0.11377751583995	-0.41181931332665	-0.55860660236196	0.27309503584717
7.62000000000000	0.13391077620325	-0.39891331933558	-0.56730885011664	0.27374742376591
7.63000000000000	0.15917703468734	-0.37901697883777	-0.58271902034260	0.27996101225008
7.64000000000000	0.18768471225684	-0.35235479317247	-0.60441976719310	0.29145084465305
7.65000000000000	0.21743658393159	-0.31934863390762	-0.63156265266988	0.30754976868411
7.66000000000000	0.24632864116818	-0.28037635197588	-0.66307568483329	0.32734630678002
7.67000000000000	0.27219209470246	-0.23626398970708	-0.69770696769968	0.34983791513083
7.68000000000000	0.29336240238352	-0.18726934178231	-0.73401562426414	0.37387314343163
7.69000000000000	0.30834761649261	-0.13416488592151	-0.77049635944282	0.39830739696047
7.70000000000000	0.31583116367237	-0.07721654041291	-0.80573783089230	0.42220929908148
7.71000000000000	0.31543196554492	-0.01679512189268	-0.83834980163433	0.44473429168573
7.72000000000000	0.30701138584987	0.04649971881670	-0.86711315312750	0.46525913885034
7.73000000000000	0.29099613478962	0.11234653511643	-0.89091433979303	0.48339180886734
7.74000000000000	0.26807213430337	0.18041115548400	-0.90887133267453	0.49893615824076
7.75000000000000	0.23904993149335	0.24989437114348	-0.92027904039355	0.51180050702313
7.76000000000000	0.20523788821796	0.32086218825263	-0.92459900985716	0.52197877248215
7.77000000000000	0.16770776879831	0.39237351459415	-0.92148395085769	0.52946140048077
7.78000000000000	0.12766396902677	0.46493477543827	-0.91084717577194	0.53437980950257
7.79000000000000	0.08608785151174	0.53776545241149	-0.89273184069348	0.53673259314519
7.80000000000000	0.04446398511741	0.61112356257397	-0.86729488993396	0.53647822055184
7.81000000000000	0.00366056826907	0.68424401953363	-0.83504351980523	0.53365328000416
7.82000000000000	-0.03514198449210	0.75737048899955	-0.79655280458394	0.52818463624972
7.83000000000000	-0.07115515187810	0.82983404934705	-0.75252268390460	0.51988478004119
7.84000000000000	-0.10354989731854	0.90131408169200	-0.70377137228553	0.50864572724695
7.85000000000000	-0.13195536953127	0.97159218016421	-0.65159326613801	0.49466693680406
7.86000000000000	-0.15623846689851	1.04013227898018	-0.59704703445876	0.47797792529024
7.87000000000000	-0.17629442352114	1.10664980429234	-0.54149092426251	0.45895216230406
7.88000000000000	-0.19281880055194	1.17092126866072	-0.48617213364308	0.43792069191201
7.89000000000000	-0.20669110931088	1.23238460779655	-0.43252184488950	0.41553451897648
7.90000000000000	-0.21876294568730	1.29140303363341	-0.38184525901774	0.39250119139955
7.91000000000000	-0.23026347187720	1.34761892596744	-0.33534333222587	0.36959518583262
7.92000000000000	-0.24219017243375	1.40117792638011	-0.29410545288239	0.34767498569692
7.93000000000000	-0.25564061396926	1.45224186936121	-0.25906631802808	0.32756794148367
7.94000000000000	-0.27133151190189	1.50078892106949	-0.23093964713554	0.31000537938266
7.95000000000000	-0.28956447289682	1.54679082745889	-0.21021265917287	0.29558588714224
7.96000000000000	-0.31033087713924	1.58963539120935	-0.19717829919629	0.28479669284595
7.97000000000000	-0.33324077221922	1.62955904851942	-0.19176042552701	0.27782310932733
7.98000000000000	-0.35793037289117	1.66570557998511	-0.19382900569612	0.27449857699266
7.99000000000000	-0.38333172546197	1.69824064162099	-0.20264947310182	0.27476312994947
8.00000000000000	-0.40854126329265	1.72642848593264	-0.21803345469499	0.27839370306041
8.01000000000000	-0.43253251412958	1.75030762147669	-0.23894851432571	0.28487607930561
8.02000000000000	-0.45409744519530	1.76989730453913	-0.26461181967057	0.29387625361266
8.03000000000000	-0.47217527706443	1.78522677718472	-0.29421727685629	0.30515343492206
8.04000000000000	-0.48581601449871	1.79627832212445	-0.32697606026739	0.31854394060022
8.05000000000000	-0.49429212430955	1.80335222721873	-0.36195945831392	0.33376839439201
8.06000000000000	-0.49723579924921	1.80610745884579	-0.39832332958621	0.35056679372334
8.07000000000000	-0.49449516468525	1.80489439810277	-0.43535279204235	0.36866641437147
8.08000000000000	-0.48640129237265	1.79899036058201	-0.47233257217066	0.38761498591305
8.09000000000000	-0.47342709277818	1.78889575763958	-0.50858423489634	0.40681902623570
8.10000000000000	-0.45665200753542	1.77389029120876	-0.54362014443074	0.42574301850423
8.11000000000000	-0.43711670861085	1.75429565473564	-0.57709637018069	0.44386824821860
8.12000000000000	-0.41621369494371	1.72963517177922	-0.60883828334503	0.46082469800299
8.13000000000000	-0.39550692178430	1.70006678508398	-0.63890091283655	0.47646855470232
8.14000000000000	-0.37653264976011	1.66558216748612	-0.66745390089402	0.49079464819392
8.15000000000000	-0.36075666046710	1.62609647157076	-0.69475489283262	0.50391785527184
8.16000000000000	-0.34931483236810	1.58193209051009	-0.72106249189969	0.51597990680502
8.17000000000000	-0.34304331081107	1.53312423081433	-0.74675029603749	0.52728952509401
8.18000000000000	-0.34241303980663	1.47974583736118	-0.77198342381914	0.53800897024420
8.19000000000000	-0.34719136976186	1.42229625487997	-0.79688414445920	0.54833071366639
8.20000000000000	-0.35660278567269	1.36112155951406	-0.82149578431934	0.55847530976134
8.21000000000000	-0.36977114815733	1.29628457836028	-0.84572224186529	0.56865475099246
8.22000000000000	-0.38525232602207	1.22840716647597	-0.86936639265373	0.57906803859642
8.23000000000000	-0.40159157476274	1.15746542537819	-0.89213214969668	0.58988589448883
8.24000000000000	-0.41706593192858	1.08383180862154	-0.91359803591913	0.60118922504236
8.25000000000000	-0.43050735528417	1.00816321362322	-0.93320995769497	0.61289920448999
8.26000000000000	-0.44099986891501	0.93009740062888	-0.95041346362075	0.62487197879611
8.27000000000000	-0.44758247179420	0.85107112321734	-0.96446187339098	0.63668405457589
8.28000000000000	-0.45025257388177	0.77041704343886	-0.97455501505841	0.64770294454814
8.29000000000000	-0.44865321414931	0.69003938221979	-0.97993637816715	0.65718682586791
8.30000000000000	-0.44342268589308	0.60936483395945	-0.97982200781582	0.66420576035377
8.31000000000000	-0.43463768353762	0.53004498269417	-0.97350772179046	0.66777952597170
8.32000000000000	-0.42281822090832	0.45259696642773	-0.96037052891346	0.66691731654034
8.33000000000000	-0.40852182786917	0.37772899947194	-0.94018141835803	0.66097880414719
8.34000000000000	-0.39244215954247	0.30626788083404	-0.91290179966801	0.64955105170035
8.35000000000000	-0.37504353668522	0.23858492122903	-0.87888632468092	0.63267416867157
8.36000000000000	-0.35688737207532	0.17489994574705	-0.83875600528655	0.61071302458384
8.37000000000000	-0.33855823463876	0.11642353465267	-0.79361159510579	0.58460649524649
8.38000000000000	-0.32098511335834	0.06235654245137	-0.74475601018938	0.55550241796708
8.39000000000000	-0.30438597758054	0.01378173859817	-0.69371514791355	0.52480761023221
8.40000000000000	-0.28954808346833	-0.03032206822735	-0.64208147826049	0.49392000941535
8.41000000000000	-0.27667406346967	-0.06916368588986	-0.59145540241139	0.46420130278387
8.42000000000000	-0.26625299092799	-0.10360141459102	-0.54324609390415	0.43670853472088
8.43000000000000	-0.25831807720211	-0.13346657050051	-0.49865235219563	0.41224560983595
8.44000000000000	-0.25307798831545	-0.15888450028805	-0.45859422070658	0.39129851847699
8.45000000000000	-0.25007807081545	-0.18056652857160	-0.42366472029769	0.37411867737997
8.46000000000000	-0.24912121622260	-0.19854944667935	-0.39417664907375	0.36076146888351
8.47000000000000	-0.24982732726292	-0.21345180287829	-0.37019523236005	0.35117769111652
8.48000000000000	-0.25158701146459	-0.22593476119813	-0.35156076357564	0.34519954760652
8.49000000000000	-0.25383548168838	-0.23655112363359	-0.33794063120826	0.34259582401385
8.50000000000000	-0.25604192435750	-0.24623479140710	-0.32889316220626	0.34304765906349
8.51000000000000	-0.25767310617861	-0.25577474047681	-0.32389860119534	0.34610561875624
8.52000000000000	-0.25818398998570	-0.26574200922545	-0.32247443042068	0.35122495600888
8.53000000000000	-0.25715213600050	-0.27661888151908	-0.32412223758749	0.35781547190490
8.54000000000000	-0.25399982442747	-0.28886069933578	-0.32851874381866	0.36532276689084
8.55000000000000	-0.24813316081194	-0.30277181104477	-0.33550575363500	0.37337521273662
8.56000000000000	-0.23945768382031	-0.31881863504537	-0.34505282139276	0.38174370937571
8.57000000000000	-0.22739590966044	-0.33666239423924	-0.35734601124223	0.39046491821900
8.58000000000000	-0.21196118381343	-0.35715193399577	-0.37267884818130	0.39972243785044
8.59000000000000	-0.19281976178753	-0.37960968656432	-0.39142032251050	0.40980713508333
8.60000000000000	-0.17014928410788	-0.40454711182617	-0.41378191375567	0.42082496809559
8.61000000000000	-0.14386700679829	-0.43092812217614	-0.43992371743676	0.43285912734398
8.62000000000000	-0.11438876131234	-0.45877493973445	-0.46988563061727	0.44581308121178
8.63000000000000	-0.08204593014802	-0.48697649536362	-0.50342809036814	0.45935399428520
8.64000000000000	-0.04683576242087	-0.51498333606318	-0.53996854330492	0.47300204119429
8.65000000000000	-0.00931794473302	-0.54180945315482	-0.57895095419579	0.48643057350296
8.66000000000000	0.03017420486744	-0.56653894842837	-0.61955910866532	0.49930538348373
8.67000000000000	0.07137633707624	-0.58832115713162	-0.66081845453080	0.51137681875178
8.68000000000000	0.11380148377976	-0.60705732136463	-0.70154217178449	0.52242123356290
8.69000000000000	0.15758279178880	-0.62162527067113	-0.74059616293564	0.53240669079622
8.70000000000000	0.20236466960698	-0.63239788643090	-0.77681374045847	0.54136075109066
8.71000000000000	0.24822754416922	-0.63845869394928	-0.80897407336269	0.54918892499186
8.72000000000000	0.29462564951463	-0.63993513068746	-0.83594764255124	0.55577051743675
8.73000000000000	0.34174707939751	-0.63657866955753	-0.85667869299086	0.56075323273249
8.74000000000000	0.38908844734491	-0.62814290188737	-0.87047841109433	0.56386905978929
8.75000000000000	0.43620835734140	-0.61446952271326	-0.87683035069100	0.56469535809713
8.76000000000000	0.48253886055782	-0.59523689239883	-0.87545255709685	0.56272663961057
8.77000000000000	0.52741467886410	-0.57089234609584	-0.86659236165213	0.55774393737748
8.78000000000000	0.57033635579697	-0.54131653720536	-0.85077866421177	0.54962417895769
8.79000000000000	0.61043455268397	-0.50762737687791	-0.82880560788863	0.53843547029289
8.80000000000000	0.64708603300381	-0.47004769102711	-0.80168284821862	0.52441232743459
8.81000000000000	0.67955137084291	-0.43003890600596	-0.77070112542857	0.50816047837516
8.82000000000000	0.70728840080507	-0.38883949376775	-0.73704981883654	0.49029782743946
8.83000000000000	0.72977866829349	-0.34762635134232	-0.70180221713168	0.47148670998399
8.84000000000000	0.74644475580898	-0.30732485482111	-0.66608204027350	0.45254617045067
8.85000000000000	0.75694360447031	-0.26887614511030	-0.63068377956820	0.43409397849910
8.86000000000000	0.76109089511209	-0.23289786917684	-0.59612021524830	0.41651950896565
8.87000000000000	0.75884286479791	-0.20006373963498	-0.56263377159395	0.39991142923817
8.88000000000000	0.75041485706185	-0.17024415348069	-0.53029199889245	0.38422276569966
8.89000000000000	0.73657453588000	-0.14386905394668	-0.49893504664233	0.36909496771660
8.90000000000000	0.71814191549498	-0.12064666680119	-0.46840696769626	0.35422125944071
8.91000000000000	0.69618815335168	-0.10085088879332	-0.43865287946446	0.33932970701720
8.92000000000000	0.67188695425476	-0.08430477750413	-0.40946786187553	0.32407843601923
8.93000000000000	0.64641041781894	-0.07127845188144	-0.38102569277137	0.30840057929681
8.94000000000000	0.62095974252226	-0.06188875061429	-0.35357329047771	0.29230372721799
8.95000000000000	0.59650106780187	-0.05623217293816	-0.32747529103291	0.27587825712919
8.96000000000000	0.57363661735822	-0.05440660514403	-0.30323699755191	0.25930068088173
8.97000000000000	0.55294752858857	-0.05635154019259	-0.28135844722887	0.24276804757328
8.98000000000000	0.53471456175122	-0.06193108168125	-0.26232614685056	0.22649778677884
8.99000000000000	0.51890732512612	-0.07076706945899	-0.24657984265041	0.21077544509523
9.00000000000000	0.50508274552984	-0.08238678229470	-0.23458857031554	0.19610986475716
9.01000000000000	0.49283388427667	-0.09620392423782	-0.22653924563047	0.18291401355420
9.02000000000000	0.48113105700394	-0.11186213567342	-0.22228141039885	0.17152354056160
9.03000000000000	0.46905425295380	-0.12891522991567	-0.22158385956491	0.16236359624488
9.04000000000000	0.45534072156210	-0.14721121142083	-0.22397174809200	0.15578003944486
9.05000000000000	0.43869101380729	-0.16679297675396	-0.22857924970274	0.15178572350827
9.06000000000000	0.41780274824888	-0.18787903815296	-0.23430217670523	0.15016558456826
9.07000000000000	0.39135265815956	-0.21112608936255	-0.23965889987921	0.15034682793315
9.08000000000000	0.35854377481362	-0.23654938330489	-0.24361336381773	0.15193364575305
9.09000000000000	0.31861855452704	-0.26520570047573	-0.24467824392648	0.15408810632562
9.10000000000000	0.27180208265901	-0.29705740577603	-0.24165247567162	0.15604815913521
9.11000000000000	0.21822372129218	-0.33283765877226	-0.23366683448860	0.15715103925500
9.12000000000000	0.15913663333600	-0.37204434791660	-0.22030248609392	0.15698851622920
9.13000000000000	0.09609735413713	-0.41450865184454	-0.20139598744805	0.15521055628174
9.14000000000000	0.03092648289240	-0.45970817234352	-0.17725080423704	0.15165812393641
9.15000000000000	-0.03426570549749	-0.50680904571641	-0.14857346290764	0.14639621777858
9.16000000000000	-0.09716222977878	-0.55478506126143	-0.11649442571642	0.13965806413845
9.17000000000000	-0.15583646032604	-0.60278410311280	-0.08237224990298	0.13172603982116
9.18000000000000	-0.20846722660328	-0.64914971762606	-0.04782340359322	0.12306466705053
9.19000000000000	-0.25393137124215	-0.69364208300824	-0.01450729363346	0.11407661522791
9.20000000000000	-0.29105683699681	-0.73439525381585	0.01573724399544	0.10542352657480
9.21000000000000	-0.31963169008320	-0.77145961928304	0.04130464767661	0.09760597921078
9.22000000000000	-0.33937551204386	-0.80374983935908	0.06064957576683	0.09125795353886
9.23000000000000	-0.35067905602527	-0.83151868666741	0.07251967118543	0.08692391059460
9.24000000000000	-0.35395030701223	-0.85442425077484	0.07600925698275	0.08508824228543
9.25000000000000	-0.34995903170253	-0.87269991800647	0.07056932558889	0.08612456780858
9.26000000000000	-0.33958784329821	-0.88642628074014	0.05609944674952	0.09018614311756
9.27000000000000	-0.32394514277560	-0.89542378671403	0.03291753912173	0.09722800768164
9.28000000000000	-0.30420499894524	-0.89992102494072	0.00177094810769	0.10700344929250
9.29000000000000	-0.28164532401772	-0.89937708136051	-0.03624296667327	0.11899870746761
9.30000000000000	-0.25794931116357	-0.89402781391576	-0.07987006226097	0.13274250087217
9.31000000000000	-0.23453590182710	-0.88358444220451	-0.12759719054552	0.14756620742946
9.32000000000000	-0.21281462476344	-0.86808120360088	-0.17786353704639	0.16286555548825
9.33000000000000	-0.19418633585723	-0.84806929780441	-0.22914429970738	0.17811135497078
9.34000000000000	-0.17963814528820	-0.82394675632789	-0.28001454548529	0.19286340047985
9.35000000000000	-0.16976262636557	-0.79616738675235	-0.32920416709166	0.20678534977244
9.36000000000000	-0.16473872983811	-0.76552981077255	-0.37561569068250	0.21968381101239
9.37000000000000	-0.16405971365294	-0.73228381244064	-0.41836869715874	0.23144663579019
9.38000000000000	-0.16700117022548	-0.69743622073895	-0.45677778234432	0.24209355108363
9.39000000000000	-0.17225011713794	-0.66085798234947	-0.49036649498679	0.25168047563052
9.40000000000000	-0.17841004920178	-0.62318870350396	-0.51880729925740	0.26030779939564
9.41000000000000	-0.18385893681936	-0.58425249755987	-0.54183423552408	0.26792172227508
9.42000000000000	-0.18735290032160	-0.54450345019603	-0.55928982490226	0.27443970933141
9.43000000000000	-0.18757393034191	-0.50357888762594	-0.57104564605019	0.27966395909206
9.44000000000000	-0.18368189950809	-0.46154340410146	-0.57708364861452	0.28342636468319
9.45000000000000	-0.17520539458090	-0.41822585574921	-0.57745520401154	0.28560975465528
9.46000000000000	-0.16207176773000	-0.37338003908125	-0.57231920921868	0.28621705202619
9.47000000000000	-0.14456329407249	-0.32703713297241	-0.56194046912221	0.28539646967360
9.48000000000000	-0.12310137201949	-0.27907061923747	-0.54667538925684	0.28334495432553
9.49000000000000	-0.09834450295154	-0.22969822748061	-0.52706749962047	0.28041542999372
9.50000000000000	-0.07081829389652	-0.17871054064823	-0.50363610018405	0.27679114771824
9.51000000000000	-0.04146355841405	-0.12691275571812	-0.47701749105803	0.27265753486458
9.52000000000000	-0.01074615725526	-0.07403825519778	-0.44791099477782	0.26806320124588
9.53000000000000	0.02040530517783	-0.02094498011113	-0.41709165338179	0.26304026890990
9.54000000000000	0.05128141242559	0.03255706909128	-0.38543436691230	0.25759734528089
9.55000000000000	0.08095434503939	0.08587128631688	-0.35385638254964	0.25177127600855
9.56000000000000	0.10866397014064	0.13878415622616	-0.32330882180025	0.24566281412338
9.57000000000000	0.13373152212303	0.19125429985584	-0.29474246274232	0.23944670151046
9.58000000000000	0.15554547029917	0.24266107219323	-0.26904635327471	0.23337882939375
9.59000000000000	0.17438322781906	0.29405364990697	-0.24703133400774	0.22776105130047
9.60000000000000	0.18994560624447	0.34425719957697	-0.22931164602619	0.22289734372505
9.61000000000000	0.20319417622059	0.39450469256420	-0.21633992158129	0.21905784122253
9.62000000000000	0.21478576528227	0.44412849143614	-0.20824592572248	0.21636970086265
9.63000000000000	0.22580207605813	0.49325604746462	-0.20500157143227	0.21495678387128
9.64000000000000	0.23743752735094	0.54184795147013	-0.20640366327423	0.21496929297093
9.65000000000000	0.25086072964322	0.58978607089464	-0.21212606004184	0.21661740027357
9.66000000000000	0.26674273443712	0.63691057008853	-0.22164414719214	0.22008539614631
9.67000000000000	0.28573675665390	0.68320592322814	-0.23453875975061	0.22578647108442
9.68000000000000	0.30788320672529	0.72796124550910	-0.25030453509958	0.23405849631192
9.69000000000000	0.33310696862306	0.77165499968078	-0.26833102564368	0.24503463827226
9.70000000000000	0.36069380952409	0.81340076352044	-0.28800291607763	0.25864919106443
9.71000000000000	0.39017681361030	0.85373482686637	-0.30870410301027	0.27462377564244
9.72000000000000	0.42037763411783	0.89182032381893	-0.32979265881278	0.29242653811802
9.73000000000000	0.45033664721898	0.92815971438563	-0.35066241690350	0.31142192781528
9.74000000000000	0.47899691639927	0.96231500358490	-0.37090357064560	0.33104814301831
9.75000000000000	0.50521026507827	0.99436666328288	-0.39015336827600	0.35072400743266
9.76000000000000	0.52775486887584	1.02431406071713	-0.40809124366933	0.36983913767849
9.77000000000000	0.54545407685079	1.05218940357108	-0.42454213100333	0.38787107092583
9.78000000000000	0.55750832290518	1.07814237223063	-0.43936466505429	0.40426575257321
9.79000000000000	0.56329499411264	1.10225174044089	-0.45240613927562	0.41844395676099
9.80000000000000	0.56239324678558	1.12472944679199	-0.46350894765192	0.42984738616582
9.81000000000000	0.55466115789498	1.14570769567744	-0.47250158949820	0.43801102353518
9.82000000000000	0.54062740064406	1.16555266840330	-0.47930439002088	0.44265961228923
9.83000000000000	0.52089820304091	1.18430158756200	-0.48377847819865	0.44365582922368
9.84000000000000	0.49640516883557	1.20220858183276	-0.48574138689338	0.44102792147397
9.85000000000000	0.46799771722023	1.21913067243587	-0.48519281356999	0.43497080010279
9.86000000000000	0.43725908639198	1.23493382009278	-0.48204139147882	0.42613639186960
9.87000000000000	0.40526321282339	1.24951607548498	-0.47637157690341	0.41513759936884
9.88000000000000	0.37300009587778	1.26225249903171	-0.46832106425204	0.40285288695227
9.89000000000000	0.34135120654827	1.27302137033591	-0.45808531549946	0.39015454080603
9.90000000000000	0.31109992554663	1.28106692792279	-0.44597743248456	0.37788948929261
9.91000000000000	0.28279646948832	1.28634420934607	-0.43230101991256	0.36672064605569
9.92000000000000	0.25654816381598	1.28863323425850	-0.41739843959025	0.35710008533682
9.93000000000000	0.23212662126663	1.28768452487348	-0.40166639459017	0.34929468536613
9.94000000000000	0.20937522394547	1.28348833840996	-0.38539354435531	0.34325131731610
9.95000000000000	0.18804399125033	1.27594241001073	-0.36893811950287	0.33867604046135
9.96000000000000	0.16716847362023	1.26493053566394	-0.35242315618195	0.33526418397892
9.97000000000000	0.14626476336375	1.25068406321878	-0.33639923535666	0.33265717478655
9.98000000000000	0.12470815299974	1.23237280301419	-0.32095935676234	0.33042468333109
9.99000000000000	0.10213886554019	1.21034036562897	-0.30645441221278	0.32838459982586
10.00000000000000	0.07769308664592	1.18342538788158	-0.29328997196653	0.32661889647458
